[gd_scene load_steps=15 format=3 uid="uid://cndotgxorx3id"]

[ext_resource type="PackedScene" uid="uid://dd1lacfgcfen5" path="res://Game/Prefabs/UI/BaseCanvas.tscn" id="2_h66oc"]
[ext_resource type="PackedScene" uid="uid://d1wtvvf8esweu" path="res://Game/Tester/System/MusicTester.tscn" id="3_rsmbn"]
[ext_resource type="Script" uid="uid://s28q05eici86" path="res://Game/Tester/Card/ZoneTester.gd" id="3_wbhe7"]
[ext_resource type="Texture2D" uid="uid://cehfsbt5in6v3" path="res://Game/Art/Sprites/placeholder_tex.png" id="5_p0tac"]
[ext_resource type="PackedScene" uid="uid://blfjs5bskwk1c" path="res://Game/Tester/Card/CardDraggable.tscn" id="5_wcv8c"]

[sub_resource type="Curve" id="Curve_wbhe7"]
_data = [Vector2(0, 0), 0.0, 2.0, 0, 0, Vector2(1, 0), -2.0, 0.0, 0, 0]
point_count = 2

[sub_resource type="ViewportTexture" id="ViewportTexture_g0nht"]
viewport_path = NodePath("SubViewport")

[sub_resource type="ViewportTexture" id="ViewportTexture_vbxeb"]
viewport_path = NodePath("SubViewport")

[sub_resource type="ViewportTexture" id="ViewportTexture_aqv53"]
viewport_path = NodePath("SubViewport")

[sub_resource type="ViewportTexture" id="ViewportTexture_t7rgc"]
viewport_path = NodePath("SubViewport")

[sub_resource type="StandardMaterial3D" id="StandardMaterial3D_uibud"]
shading_mode = 0
albedo_texture = ExtResource("5_p0tac")
uv1_scale = Vector3(15, 15, 15)

[sub_resource type="QuadMesh" id="QuadMesh_wbhe7"]

[sub_resource type="StandardMaterial3D" id="StandardMaterial3D_wcv8c"]
shading_mode = 0
albedo_texture = ExtResource("5_p0tac")
uv1_scale = Vector3(6, 6, 6)

[sub_resource type="BoxMesh" id="BoxMesh_p0tac"]

[node name="Main3D" type="Node3D"]

[node name="Camera3D" type="Camera3D" parent="."]
transform = Transform3D(1, 0, 0, 0, 0.866026, 0.5, 0, -0.5, 0.866026, 0, 16.5508, 26.9924)
keep_aspect = 0
fov = 60.0
size = 24.455

[node name="BaseCanvas" parent="." instance=ExtResource("2_h66oc")]

[node name="Label" parent="BaseCanvas" index="1"]
text = "Main Scene"

[node name="MusicTester" parent="." instance=ExtResource("3_rsmbn")]

[node name="ZoneTester" type="Node3D" parent="."]
transform = Transform3D(1, 0, 0, 0, 0.866025, 0.5, 0, -0.5, 0.866025, 0, 4.58403, 3.25669)
script = ExtResource("3_wbhe7")
bend = SubResource("Curve_wbhe7")
max_angle = 9.0
metadata/_custom_type_script = "uid://s28q05eici86"

[node name="Card_1" parent="ZoneTester" instance=ExtResource("5_wcv8c")]
transform = Transform3D(1, 0, 0, 0, 0.5, 0.866025, 0, -0.866025, 0.5, 0, -2.34154, -5.11239)

[node name="Card_2" parent="ZoneTester" instance=ExtResource("5_wcv8c")]
transform = Transform3D(1, 0, 0, 0, 0.5, 0.866025, 0, -0.866025, 0.5, 0, -1.47552, -4.61239)

[node name="RichTextLabel" parent="ZoneTester/Card_2/SubViewport" index="1"]
text = "2"

[node name="Sprite3D" parent="ZoneTester/Card_2" index="1"]
texture = SubResource("ViewportTexture_g0nht")

[node name="Card_3" parent="ZoneTester" instance=ExtResource("5_wcv8c")]
transform = Transform3D(1, 0, 0, 0, 0.5, 0.866025, 0, -0.866025, 0.5, 0, -0.60949, -4.11239)

[node name="RichTextLabel" parent="ZoneTester/Card_3/SubViewport" index="1"]
text = "3"

[node name="Sprite3D" parent="ZoneTester/Card_3" index="1"]
texture = SubResource("ViewportTexture_vbxeb")

[node name="Card_4" parent="ZoneTester" instance=ExtResource("5_wcv8c")]
transform = Transform3D(1, 0, 0, 0, 0.5, 0.866025, 0, -0.866025, 0.5, 0, 0.256535, -3.61239)

[node name="RichTextLabel" parent="ZoneTester/Card_4/SubViewport" index="1"]
text = "4"

[node name="Sprite3D" parent="ZoneTester/Card_4" index="1"]
texture = SubResource("ViewportTexture_aqv53")

[node name="Card_5" parent="ZoneTester" instance=ExtResource("5_wcv8c")]
transform = Transform3D(1, 0, 0, 0, 0.5, 0.866025, 0, -0.866025, 0.5, 0, 1.12256, -3.11239)

[node name="RichTextLabel" parent="ZoneTester/Card_5/SubViewport" index="1"]
text = "5"

[node name="Sprite3D" parent="ZoneTester/Card_5" index="1"]
texture = SubResource("ViewportTexture_t7rgc")

[node name="MeshInstance3D" type="MeshInstance3D" parent="."]
transform = Transform3D(100, 0, 0, 0, -4.37114e-06, 100, 0, -100, -4.37114e-06, 0, 0, 0)
material_override = SubResource("StandardMaterial3D_uibud")
mesh = SubResource("QuadMesh_wbhe7")

[node name="MeshInstance3D2" type="MeshInstance3D" parent="."]
transform = Transform3D(15.5803, 0, 0, 0, 0.866025, 12.5795, 0, -0.5, 21.7884, -1.90735e-06, 6.23251, 11.5122)
material_override = SubResource("StandardMaterial3D_wcv8c")
mesh = SubResource("BoxMesh_p0tac")

[editable path="BaseCanvas"]
[editable path="ZoneTester/Card_2"]
[editable path="ZoneTester/Card_3"]
[editable path="ZoneTester/Card_4"]
[editable path="ZoneTester/Card_5"]
